96 144
0 1
0 2
0 3
1 2
1 3
2 3
4 5
4 7
4 6
5 7
5 6
6 7
8 10
8 9
8 11
9 10
10 11
9 11
12 14
12 15
12 13
14 15
13 14
13 15
16 19
16 17
16 18
17 19
18 19
17 18
20 23
20 22
20 21
22 23
21 23
21 22
24 25
25 26
25 27
24 26
24 27
26 27
28 29
29 31
29 30
28 31
28 30
30 31
33 34
32 33
33 35
32 34
34 35
32 35
37 38
37 39
36 37
38 39
36 38
36 39
41 43
40 41
41 42
40 43
42 43
40 42
45 47
45 46
44 45
46 47
44 47
44 46
48 50
49 50
50 51
48 49
48 51
49 51
52 54
54 55
53 54
52 55
52 53
53 55
57 58
56 58
58 59
56 57
57 59
56 59
61 62
62 63
60 62
61 63
60 61
60 63
66 67
64 66
65 66
64 67
65 67
64 65
70 71
69 70
68 70
69 71
68 71
68 69
72 75
73 75
74 75
72 73
72 74
73 74
76 79
78 79
77 79
76 78
76 77
77 78
81 83
80 83
82 83
80 81
81 82
80 82
85 87
86 87
84 87
85 86
84 85
84 86
90 91
88 91
89 91
88 90
89 90
88 89
94 95
93 95
92 95
93 94
92 94
92 93
