96 96
0 1
1 2
2 3
0 3
4 5
5 7
6 7
4 6
8 10
9 10
9 11
8 11
12 14
14 15
13 15
12 13
16 19
17 19
17 18
16 18
20 23
22 23
21 22
20 21
24 25
24 26
26 27
25 27
28 29
28 31
30 31
29 30
33 34
32 34
32 35
33 35
37 38
38 39
36 39
36 37
41 43
40 43
40 42
41 42
45 47
46 47
44 46
44 45
48 50
48 49
49 51
50 51
52 54
52 55
53 55
53 54
57 58
56 57
56 59
58 59
61 62
61 63
60 63
60 62
66 67
64 67
64 65
65 66
70 71
69 71
68 69
68 70
72 75
72 73
73 74
74 75
76 79
76 78
77 78
77 79
81 83
80 81
80 82
82 83
85 87
85 86
84 86
84 87
90 91
88 90
88 89
89 91
94 95
93 94
92 93
92 95
