96 96
0 1
1 2
0 2
0 3
4 5
5 7
4 7
4 6
8 10
9 10
8 9
8 11
12 14
14 15
12 15
12 13
16 19
17 19
16 17
16 18
20 23
22 23
20 22
20 21
24 25
24 26
25 26
25 27
28 29
28 31
29 31
29 30
33 34
32 34
32 33
33 35
37 38
38 39
37 39
36 37
41 43
40 43
40 41
41 42
45 47
46 47
45 46
44 45
48 50
48 49
49 50
50 51
52 54
52 55
54 55
53 54
57 58
56 57
56 58
58 59
61 62
61 63
62 63
60 62
66 67
64 67
64 66
65 66
70 71
69 71
69 70
68 70
72 75
72 73
73 75
74 75
76 79
76 78
78 79
77 79
81 83
80 81
80 83
82 83
85 87
85 86
86 87
84 87
90 91
88 90
88 91
89 91
94 95
93 94
93 95
92 95
