36 147
9 1
27 1
1 9
1 3
1 28
1 14
22 23
22 28
14 28
14 13
14 33
6 3
6 23
13 1
13 6
13 28
13 10
13 8
13 14
33 14
33 13
33 28
33 23
33 10
33 32
33 19
28 22
28 6
28 1
28 17
28 26
28 3
28 12
28 23
28 10
28 19
28 8
28 33
28 13
28 14
17 26
17 12
17 10
17 28
26 17
26 3
26 23
3 1
3 26
3 12
3 34
3 23
3 19
3 28
12 17
12 15
12 29
12 19
12 28
12 3
12 1
23 3
23 29
23 4
23 18
23 20
23 19
23 10
23 28
23 6
10 17
10 23
10 29
10 32
10 19
10 33
10 13
19 28
19 10
19 3
19 23
19 12
19 32
19 20
19 25
19 21
19 33
21 33
21 10
21 19
8 28
8 19
20 8
20 19
20 18
20 5
32 23
32 34
32 19
32 33
32 13
32 10
34 32
34 3
34 29
34 15
34 18
34 11
34 25
29 12
29 18
29 34
29 10
29 23
15 35
15 18
15 34
15 12
35 15
30 15
30 18
4 18
18 29
18 15
18 4
18 34
18 32
18 23
11 32
11 34
11 2
11 25
25 20
25 34
5 20
5 18
0 5
7 2
7 5
2 7
2 5
2 11
2 34
32 28
28 32
13 32
28 20
